1.012893581390380859e+01 1.436190128326416016e+01 1.598282051086425781e+01 1.758771038055419922e+01 2.101617527008056641e+01 2.538451194763183594e+01 1.959053134918212891e+01 2.149784278869628906e+01 1.976971530914306641e+01 1.154206609725952148e+01 1.276236486434936523e+01
8.984843730926513672e+00 1.531197309494018555e+01 1.650759792327880859e+01 1.571984767913818359e+01 2.206366825103759766e+01 2.506641674041748047e+01 2.296180152893066406e+01 2.127138519287109375e+01 1.338196802139282227e+01 1.429296970367431641e+01 1.242708873748779297e+01
1.029411363601684570e+01 1.290476799011230469e+01 1.427754449844360352e+01 2.050844001770019531e+01 2.431198501586914062e+01 2.274269008636474609e+01 2.247191619873046875e+01 1.924160289764404297e+01 1.831430149078369141e+01 9.917880058288574219e+00 8.783523559570312500e+00
7.697162151336669922e+00 9.691238880157470703e+00 1.542619848251342773e+01 1.936734867095947266e+01 2.248393154144287109e+01 2.783043861389160156e+01 2.194898128509521484e+01 1.980248451232910156e+01 1.296698760986328125e+01 1.243693685531616211e+01 9.497943878173828125e+00
7.985816955566406250e+00 7.966090917587280273e+00 1.327243661880493164e+01 1.523752021789550781e+01 2.131996631622314453e+01 2.493396568298339844e+01 2.384091377258300781e+01 2.069849205017089844e+01 1.254255867004394531e+01 1.011150836944580078e+01 9.217136859893798828e+00
6.327820777893066406e+00 8.941191196441650391e+00 1.214395999908447266e+01 1.709090709686279297e+01 2.506721782684326172e+01 2.621955680847167969e+01 2.263286972045898438e+01 1.831796550750732422e+01 9.856762886047363281e+00 9.096506595611572266e+00 8.184247493743896484e+00
7.346657752990722656e+00 8.262985229492187500e+00 1.268220710754394531e+01 1.526408147811889648e+01 2.358644294738769531e+01 2.497099685668945312e+01 2.188147830963134766e+01 1.320665550231933594e+01 9.573393821716308594e+00 8.421203136444091797e+00 5.630355119705200195e+00
6.091607570648193359e+00 8.065780401229858398e+00 9.891909599304199219e+00 1.456268024444580078e+01 2.252505207061767578e+01 2.711775016784667969e+01 2.322531604766845703e+01 1.544344520568847656e+01 8.377227306365966797e+00 7.691537141799926758e+00 6.064741849899291992e+00
5.882092952728271484e+00 7.262825012207031250e+00 7.524175405502319336e+00 1.194238376617431641e+01 1.914894771575927734e+01 2.596993064880371094e+01 2.084406566619873047e+01 1.013419485092163086e+01 7.804192781448364258e+00 5.692132949829101562e+00 5.604438781738281250e+00
3.919330954551696777e+00 4.289898395538330078e+00 5.357985019683837891e+00 7.072075128555297852e+00 1.544463729858398438e+01 2.585150337219238281e+01 1.464937353134155273e+01 6.931143999099731445e+00 4.981881380081176758e+00 4.863029956817626953e+00 4.758627891540527344e+00
2.309505581855773926e+00 2.530556797981262207e+00 3.220783591270446777e+00 3.299027562141418457e+00 5.441861152648925781e+00 1.833596038818359375e+01 5.448455810546875000e+00 3.648062348365783691e+00 2.535055756568908691e+00 2.768870353698730469e+00 2.348555684089660645e+00
